440574.30 4423955.38
440574.82 4423955.36
440575.35 4423955.39
440575.87 4423955.42
440576.40 4423955.46
440576.91 4423955.47
440577.42 4423955.49
440577.94 4423955.53
440578.45 4423955.52
440578.97 4423955.48
440579.47 4423955.41
440579.98 4423955.32
440580.49 4423955.26
440581.02 4423955.18
440581.54 4423955.14
440582.07 4423955.07
440582.58 4423955.00
440583.08 4423955.00
440583.60 4423955.09
440584.09 4423955.20
440584.59 4423955.31
440585.09 4423955.40
440585.60 4423955.45
440586.10 4423955.51
440586.59 4423955.61
440587.11 4423955.68
440587.62 4423955.78
440588.13 4423955.88
