-4.97 0.55
-4.89 1.05
-4.76 1.53
-4.58 2.00
-4.36 2.45
-4.09 2.88
-3.78 3.27
-3.43 3.64
-3.05 3.96
-2.64 4.25
-2.20 4.49
-1.74 4.69
-1.26 4.84
-0.77 4.94
-0.27 4.99
0.23 4.99
0.73 4.95
1.22 4.85
1.71 4.70
2.17 4.51
2.61 4.27
3.02 3.98
3.41 3.66
3.75 3.30
4.07 2.91
4.34 2.49
4.57 2.04
4.75 1.57
4.88 1.09
4.96 0.59
5.00 0.09
4.98 -0.41
4.92 -0.91
4.80 -1.40
4.64 -1.87
4.43 -2.33
4.17 -2.76
3.87 -3.16
3.54 -3.53
3.17 -3.87
2.76 -4.17
2.33 -4.42
1.88 -4.63
1.40 -4.80
0.92 -4.92
0.42 -4.98
-0.08 -5.00
-0.59 -4.97
-1.08 -4.88
-1.56 -4.75
-2.03 -4.57
-2.48 -4.34
-2.90 -4.07
-3.30 -3.76
-3.66 -3.41
-3.98 -3.02
-4.26 -2.61
-4.50 -2.17
-4.70 -1.71
-4.85 -1.23
-4.95 -0.74
-4.99 -0.24
-4.99 0.27
