4423943.24 440578.02
4423943.16 440577.52
4423943.28 440577.02
4423943.26 440576.51
4423943.20 440576.01
4423943.17 440575.46
4423943.16 440574.94
4423943.15 440574.40
4423943.04 440573.89
4423942.81 440573.42
4423942.66 440572.94
4423942.61 440572.44
4423942.82 440571.96
4423943.18 440571.62
4423943.51 440571.22
4423943.92 440570.87
4423944.40 440570.70
4423944.90 440570.63
4423945.39 440570.47
4423945.90 440570.49
4423946.40 440570.59
4423946.90 440570.65
4423947.42 440570.70
4423947.93 440570.83
4423948.42 440570.98
4423948.95 440571.30
4423949.28 440571.70
4423949.39 440572.19
4423949.48 440572.69
