440573.54 4423945.62
440574.04 4423945.67
440574.55 4423945.71
440575.06 4423945.75
440575.57 4423945.74
440576.06 4423945.87
440576.60 4423946.02
440577.10 4423946.03
440577.60 4423945.95
440578.08 4423945.77
440578.54 4423945.48
440578.86 4423945.10
440579.02 4423944.58
440578.98 4423944.03
440578.77 4423943.55
440578.41 4423943.19
440577.95 4423942.94
440577.40 4423942.88
440576.89 4423943.12
440576.52 4423943.48
440576.18 4423943.88
440575.85 4423944.25
440575.40 4423944.51
440574.89 4423944.56
