440573.48 4423946.41
440573.56 4423945.91
440573.67 4423945.41
440573.86 4423944.93
440574.16 4423944.51
440574.57 4423944.20
440574.99 4423943.89
440575.45 4423943.67
440575.96 4423943.60
440576.45 4423943.49
440576.98 4423943.40
440577.48 4423943.46
440577.96 4423943.72
440578.46 4423943.89
440578.91 4423944.14
440579.32 4423944.46
440579.60 4423944.88
440579.72 4423945.40
440579.77 4423945.91
440579.76 4423946.42
440579.58 4423946.90
440579.42 4423947.42
440579.22 4423947.89
440578.93 4423948.33
440578.66 4423948.82
440576.72 4423949.85
440571.42 4423947.37
