440586.25 4423944.99
440585.75 4423944.92
440585.26 4423944.85
440584.75 4423944.77
440584.25 4423944.70
440583.74 4423944.63
440583.22 4423944.56
440582.72 4423944.49
440582.22 4423944.41
440581.70 4423944.33
440581.19 4423944.26
440580.70 4423944.18
440580.19 4423944.10
440579.67 4423944.01
440579.16 4423943.92
440578.66 4423943.84
440578.15 4423943.76
440577.64 4423943.68
440577.15 4423943.57
440576.65 4423943.48
440576.14 4423943.38
440575.64 4423943.29
440575.15 4423943.19
440574.65 4423943.11
440574.15 4423943.02
440573.64 4423942.93
440573.15 4423942.85
440572.65 4423942.76
440572.13 4423942.67
440571.63 4423942.58
440571.13 4423942.52
440570.61 4423942.43
440570.10 4423942.33
440569.60 4423942.27
440569.11 4423942.16
440568.60 4423942.09
440568.10 4423942.00
440567.60 4423941.91
