440567.65 4423942.09
440568.16 4423942.18
440568.65 4423942.27
440569.17 4423942.38
440569.68 4423942.46
440570.18 4423942.46
440570.71 4423942.51
440571.23 4423942.59
440571.75 4423942.64
440572.27 4423942.71
440572.80 4423942.78
440573.29 4423942.87
440573.79 4423942.94
440574.31 4423943.01
440574.81 4423943.10
440575.31 4423943.18
440575.81 4423943.27
440576.32 4423943.35
440576.82 4423943.47
440577.32 4423943.55
440577.84 4423943.64
440578.36 4423943.73
440578.87 4423943.83
440579.36 4423943.96
440579.88 4423944.03
440580.39 4423944.14
440580.88 4423944.26
440581.40 4423944.36
440581.92 4423944.45
440582.42 4423944.55
440582.94 4423944.64
440583.45 4423944.73
440583.97 4423944.81
440584.48 4423944.85
440585.00 4423944.90
